placerun,phylo_entropy,quadratic,pd,awpd
4461119,2.22596,0.73916,40.378,1.7762
4461120,2.19215,0.728776,44.8268,1.75884
4461121,2.76439,1.06052,21.957,2.70239
4461122,3.87798,1.34991,38.3534,3.09225
4461123,3.66848,1.21788,73.1265,2.93866
4461124,2.30924,0.736709,44.3826,1.68212
4461125,3.69086,1.1769,92.2515,2.76127
4461126,3.49581,1.1873,59.1819,2.88916
4461127,3.54174,1.2725,56.8507,3.03279
4461128,3.68008,1.23423,61.021,2.89433
4461129,3.46821,1.20574,68.3718,3.01781
4461130,3.66034,1.16085,105.46,2.72428
4461131,3.32789,1.11214,63.9232,2.67857
4461132,2.05232,0.636383,50.4528,1.38301
4461133,3.28385,1.1662,48.7783,2.84281
4461134,3.34677,1.12455,58.4349,2.59892
4461135,2.97822,1.03513,46.2588,2.58973
4461136,2.07124,0.665446,45.3952,1.47834
4461137,2.46061,0.851678,51.917,2.19489
4461138,3.33564,1.14684,67.8743,2.84528
4461139,2.60844,0.915086,57.8812,2.35978
4461140,2.37156,0.80227,60.312,1.91206
4461141,3.32809,1.05621,56.256,2.40584
4461142,3.37718,1.0219,57.5517,2.28811
4461143,3.61513,1.21674,47.5805,2.83102
4461144,3.23084,1.09349,44.5541,2.56303
4461145,3.16569,1.11437,54.7459,2.68759
4461146,3.09328,1.08519,55.3405,2.698
4461147,3.65098,1.19219,79.4665,2.78641
4461148,3.5035,1.18593,53.2409,2.79211
4461149,3.57613,1.24275,56.5847,2.90199
4461150,2.66238,0.953759,48.8829,2.40248
4461151,2.68748,0.930235,51.7337,2.36799
4461152,2.79893,0.920569,54.0737,2.18015
4461153,2.74253,0.946589,51.3963,2.46756
4461154,3.60547,1.11543,92.3842,2.55057
4461155,2.00315,0.64211,35.4489,1.41799
4461156,2.25614,0.764392,38.2017,1.71904
4461157,1.742,0.533881,42.9687,1.14839
4461158,1.8729,0.573534,43.8862,1.22317
4461159,3.55859,1.17784,81.4237,2.8177
4461160,3.34298,1.18439,61.3651,2.88073
4461161,2.61267,0.889598,72.3452,2.19623
4461162,3.68631,1.21352,88.8975,2.86058
4461163,3.45762,1.17277,61.4002,2.75882
4461164,3.36499,1.21797,55.5593,2.96088
4461165,3.28283,1.1618,65.4948,2.77608
4461166,3.09284,1.04773,65.3675,2.6123
4461167,3.67126,1.21679,81.1922,2.85553
4461168,3.22742,1.09156,55.8812,2.60518
4461169,3.42968,1.19896,57.0611,2.95702
4461170,3.50636,1.1515,61.3185,2.63563
4461171,3.90887,1.32534,61.1243,3.03381
4461172,3.64501,1.24105,74.4882,2.94772
4461173,3.7755,1.18722,81.5807,2.70464
4461174,3.63581,1.2301,61.978,2.81503
4461175,3.57324,1.16991,58.0068,2.65435
4461176,3.51298,1.11485,72.8582,2.53113
4461177,3.41055,1.21412,59.7128,3.06683
4461178,3.44637,1.10457,67.2799,2.51155
4461179,3.35249,1.13121,54.2573,2.65823
4461180,3.60383,1.11382,87.0734,2.50354
4461181,2.8288,0.973971,49.9359,2.27836
4461182,3.03215,0.972971,56.2476,2.19313
4461183,2.81934,0.967708,37.7241,2.28113
4461184,3.04147,1.02819,49.0356,2.43928
4461185,3.31185,1.11472,46.5007,2.55907
4461186,2.81481,0.943443,50.6128,2.30397
4461187,2.75716,0.950993,45.4215,2.25853
4461188,2.89209,0.978545,44.6491,2.2909
4461189,3.16621,1.05604,53.1735,2.47983
4461190,3.08027,1.05528,47.0247,2.49667
4461191,3.20416,1.13133,41.2393,2.68083
4461192,2.95568,1.01501,39.63,2.53482
4461193,3.49681,1.23005,44.5048,2.94517
4461194,3.13747,1.11852,37.8013,2.60962
4461195,3.35743,1.18742,42.6344,2.84864
4461196,3.10736,1.11726,38.4446,2.65393
4461197,3.23158,1.1147,45.7122,2.60101
4461198,2.87376,0.97962,44.1759,2.45578
4461199,2.72036,0.918772,61.1485,2.32107
4461200,2.61653,0.953349,47.4832,2.53688
4461201,2.73166,0.98816,34.4639,2.49932
4461202,3.00693,1.05364,46.6624,2.56646
4461203,2.66791,0.919673,40.6648,2.37575
4461204,2.28014,0.757011,42.8229,1.73942
4461205,1.58483,0.478406,44.5528,1.03206
4461206,1.81675,0.585758,43.8566,1.29132
4461207,2.71602,0.897515,55.7232,2.24462
4461208,3.01124,1.03023,50.9676,2.52761
4461209,2.20109,0.734763,41.6932,1.67538
4461210,2.177,0.737288,43.74,1.69674
4461211,2.64277,0.901905,49.8926,2.31427
4461212,2.69932,0.914136,52.2748,2.32579
4461213,1.89536,0.584134,51.3453,1.2679
4461214,2.12129,0.671821,50.401,1.48576
4461215,3.46153,1.13819,47.9078,2.61684
4461216,2.97836,0.957898,52.824,2.26966
4461217,3.29933,1.08304,59.0016,2.48942
4461218,3.16678,1.05067,53.765,2.50499
4461219,3.65682,1.21387,62.5706,2.72218
4461220,3.6446,1.23476,57.6936,2.8021
4461221,3.31395,1.11691,75.8521,2.65225
4461222,3.36495,1.03634,83.8564,2.36613
4461223,3.42217,1.06067,95.7838,2.45588
4461224,3.46225,1.10179,92.7601,2.51962
4461225,3.3128,1.16575,62.0827,3.10186
4461226,3.26474,1.054,72.5871,2.42414
4461227,3.55631,1.19109,94.6577,2.83795
4461228,3.34592,1.11797,82.9769,2.62976
4461229,3.57606,1.2267,84.5951,3.00378
